["01/20/2014", 6, "0/103", [1, 0, 0, 0, 1, 1.0]]
["02/01/2015", 6, "0/103", [1, 0, 0, 0, 1, 1.0]]
["03-sep-2011", 5, "0/102", [1, 0, 0, 0, 1, 1.0]]
["04/15/2014", 6, "0/103", [1, 0, 0, 0, 1, 1.0]]
["04/28/2014", 6, "0/103", [1, 0, 0, 0, 1, 1.0]]
["05/11/2015", 6, "0/103", [2, 0, 0, 0, 2, 1.3010299956639813]]
["09-apr-2008", 8, "0/105", [16, 0, 0, 0, 16, 2.204119982655925]]
["0k", 8, "0/105", [1, 0, 0, 0, 1, 1.0]]
["11/03/2013", 6, "0/103", [1, 0, 0, 0, 1, 1.0]]
["11/09/2013", 6, "0/103", [1, 0, 0, 0, 1, 1.0]]
["11/24/2014", 6, "0/103", [1, 0, 0, 0, 1, 1.0]]
["12/01/2013", 6, "0/103", [1, 0, 0, 0, 1, 1.0]]
["15", 5, "0/102", [1, 0, 0, 0, 1, 1.0]]
["15", 8, "0/105", [1, 0, 0, 0, 1, 1.0]]
["15m", 5, "0/102", [1, 0, 0, 0, 1, 1.0]]
["16:01", 8, "0/105", [4, 0, 0, 0, 4, 1.6020599913279625]]
["16:02", 8, "0/105", [12, 0, 0, 0, 12, 2.079181246047625]]
["16th", 6, "0/103", [1, 0, 0, 0, 1, 1.0]]
["17:42", 5, "0/102", [1, 0, 0, 0, 1, 1.0]]
["1k", 8, "0/105", [1, 0, 0, 0, 1, 1.0]]
["2", 5, "0/102", [2, 0, 0, 0, 2, 1.3010299956639813]]
["2", 8, "0/105", [4, 0, 0, 0, 4, 1.6020599913279625]]
["224", 3, "0/100", [1, 0, 0, 0, 1, 1.0]]
["230", 3, "0/100", [1, 0, 0, 0, 1, 1.0]]
["25th", 6, "0/103", [1, 0, 0, 0, 1, 1.0]]
["2k", 8, "0/105", [2, 0, 0, 0, 2, 1.3010299956639813]]
["2research", 8, "0/105", [3, 0, 0, 0, 3, 1.4771212547196624]]
["3", 8, "0/105", [11, 0, 0, 0, 11, 2.0413926851582254]]
["30th", 6, "0/103", [1, 0, 0, 0, 1, 1.0]]
["33rd", 3, "0/100", [1, 0, 0, 0, 1, 1.0]]
["3k", 8, "0/105", [2, 0, 0, 0, 2, 1.3010299956639813]]
["3rd", 6, "0/103", [1, 0, 0, 0, 1, 1.0]]
["4", 8, "0/105", [2, 0, 0, 0, 2, 1.3010299956639813]]
["4k", 8, "0/105", [1, 0, 0, 0, 1, 1.0]]
["4th", 6, "0/103", [1, 0, 0, 0, 1, 1.0]]
["5", 8, "0/105", [1, 0, 0, 0, 1, 1.0]]
["5k", 8, "0/105", [2, 0, 0, 0, 2, 1.3010299956639813]]
["5th", 7, "0/104", [1, 0, 0, 0, 1, 1.0]]
["6k", 8, "0/105", [3, 0, 0, 0, 3, 1.4771212547196624]]
["7k", 8, "0/105", [2, 0, 0, 0, 2, 1.3010299956639813]]
["9k", 8, "0/105", [2, 0, 0, 0, 2, 1.3010299956639813]]
["abstract", 9, "0/106", [1, 0, 0, 0, 1, 1.0]]
["academic", 6, "0/103", [1, 0, 0, 0, 1, 1.0]]
["accessing", 9, "0/106", [1, 0, 0, 0, 1, 1.0]]
["accommodate", 6, "0/103", [1, 0, 0, 0, 1, 1.0]]
["acm", 3, "0/100", [1, 0, 0, 0, 1, 1.0]]
["acm", 9, "0/106", [3, 1, 1, 0, 1, 1.4771212547196624]]
["acosta", 6, "0/103", [1, 0, 0, 0, 1, 1.0]]
["activity", 6, "0/103", [1, 0, 0, 0, 1, 1.0]]
["address", 6, "0/103", [1, 0, 0, 0, 1, 1.0]]
["address", 9, "0/106", [1, 0, 0, 0, 1, 1.0]]
["addressed", 6, "0/103", [1, 0, 0, 0, 1, 1.0]]
["adjusting", 2, "0/10", [1, 0, 0, 0, 1, 1.0]]
["admin", 6, "0/103", [6, 0, 0, 0, 6, 1.7781512503836436]]
["advice", 6, "0/103", [2, 0, 0, 0, 2, 1.3010299956639813]]
["agile", 6, "0/103", [2, 0, 0, 0, 2, 1.3010299956639813]]
["albert", 6, "0/103", [1, 0, 0, 0, 1, 1.0]]
["alec", 6, "0/103", [1, 0, 0, 0, 1, 1.0]]
["algorithm", 3, "0/100", [1, 0, 0, 0, 1, 1.0]]
["algorithm", 7, "0/104", [1, 0, 0, 0, 1, 1.0]]
["allow", 6, "0/103", [1, 0, 0, 0, 1, 1.0]]
["allowed", 6, "0/103", [1, 0, 0, 0, 1, 1.0]]
["allowing", 9, "0/106", [1, 0, 0, 0, 1, 1.0]]
["allows", 6, "0/103", [1, 0, 0, 0, 1, 1.0]]
["alumnus", 6, "0/103", [1, 0, 0, 0, 1, 1.0]]
["amazon", 6, "0/103", [4, 0, 1, 0, 3, 1.6020599913279625]]
["amount", 6, "0/103", [1, 0, 0, 0, 1, 1.0]]
["analysis", 7, "0/104", [1, 0, 0, 0, 1, 1.0]]
["android", 6, "0/103", [2, 0, 0, 0, 2, 1.3010299956639813]]
["angeline", 6, "0/103", [1, 0, 0, 0, 1, 1.0]]
["annavic", 6, "0/103", [1, 0, 0, 0, 1, 1.0]]
["answer", 6, "0/103", [1, 0, 0, 0, 1, 1.0]]
["apache", 5, "0/102", [1, 0, 0, 0, 1, 1.0]]
["apache", 8, "0/105", [1, 0, 0, 0, 1, 1.0]]
["app", 6, "0/103", [1, 0, 0, 0, 1, 1.0]]
["appeared", 9, "0/106", [1, 0, 1, 0, 0, 1.0]]
["application", 6, "0/103", [4, 0, 0, 0, 4, 1.6020599913279625]]
["application", 9, "0/106", [2, 0, 0, 0, 2, 1.3010299956639813]]
["apply", 6, "0/103", [3, 0, 0, 0, 3, 1.4771212547196624]]
["applying", 6, "0/103", [3, 0, 0, 0, 3, 1.4771212547196624]]
["approx", 7, "0/104", [1, 0, 0, 0, 1, 1.0]]
["approximation", 7, "0/104", [1, 0, 0, 0, 1, 1.0]]
["apps", 6, "0/103", [1, 0, 0, 0, 1, 1.0]]
["april", 6, "0/103", [2, 0, 0, 0, 2, 1.3010299956639813]]
["architecture", 9, "0/106", [5, 1, 1, 0, 3, 1.6989700043360187]]
["archive", 6, "0/103", [1, 0, 1, 0, 0, 1.0]]
["arem", 4, "0/101", [2, 1, 0, 0, 1, 1.3010299956639813]]
["article", 6, "0/103", [1, 0, 0, 0, 1, 1.0]]
["article", 9, "0/106", [1, 0, 0, 0, 1, 1.0]]
["artificial", 9, "0/106", [1, 0, 0, 0, 1, 1.0]]
["ary", 2, "0/10", [1, 0, 0, 0, 1, 1.0]]
["asked", 6, "0/103", [1, 0, 0, 0, 1, 1.0]]
["aspect", 9, "0/106", [1, 0, 0, 0, 1, 1.0]]
["associate", 6, "0/103", [1, 0, 0, 0, 1, 1.0]]
["attend", 6, "0/103", [4, 0, 0, 0, 4, 1.6020599913279625]]
["attended", 6, "0/103", [1, 0, 0, 0, 1, 1.0]]
["attendee", 6, "0/103", [3, 0, 0, 0, 3, 1.4771212547196624]]
["attending", 6, "0/103", [1, 0, 0, 0, 1, 1.0]]
["attends", 6, "0/103", [1, 0, 0, 0, 1, 1.0]]
["audience", 6, "0/103", [1, 0, 0, 0, 1, 1.0]]
["authentication", 4, "0/101", [1, 0, 0, 0, 1, 1.0]]
["author", 2, "0/10", [2, 0, 0, 0, 2, 1.3010299956639813]]
["author", 7, "0/104", [2, 0, 0, 0, 2, 1.3010299956639813]]
["author", 9, "0/106", [1, 0, 0, 0, 1, 1.0]]
["autonomous", 9, "0/106", [1, 0, 0, 0, 1, 1.0]]
["availability", 9, "0/106", [1, 0, 0, 0, 1, 1.0]]
["average", 7, "0/104", [1, 0, 0, 0, 1, 1.0]]
["aware", 9, "0/106", [5, 1, 1, 0, 3, 1.6989700043360187]]
["background", 6, "0/103", [2, 0, 0, 0, 2, 1.3010299956639813]]
["backlinks", 4, "0/101", [1, 0, 0, 0, 1, 1.0]]
["bag", 6, "0/103", [1, 0, 0, 0, 1, 1.0]]
["baja", 6, "0/103", [1, 0, 0, 0, 1, 1.0]]
["bandwidth", 9, "0/106", [1, 0, 0, 0, 1, 1.0]]
["barrier", 6, "0/103", [1, 0, 0, 0, 1, 1.0]]
["base", 6, "0/103", [1, 0, 0, 0, 1, 1.0]]
["based", 3, "0/100", [1, 0, 0, 0, 1, 1.0]]
["battery", 9, "0/106", [1, 0, 0, 0, 1, 1.0]]
["battle", 6, "0/103", [1, 0, 0, 0, 1, 1.0]]
["benefit", 6, "0/103", [5, 0, 0, 0, 5, 1.6989700043360187]]
["best", 6, "0/103", [4, 0, 0, 0, 4, 1.6020599913279625]]
["bibtex", 9, "0/106", [1, 0, 0, 0, 1, 1.0]]
["big", 6, "0/103", [1, 0, 0, 0, 1, 1.0]]
["biggest", 6, "0/103", [1, 0, 0, 0, 1, 1.0]]
["binh", 6, "0/103", [1, 0, 0, 0, 1, 1.0]]
["bioinformatics", 4, "0/101", [2, 1, 0, 0, 1, 1.3010299956639813]]
["blizzard", 6, "0/103", [2, 0, 0, 0, 2, 1.3010299956639813]]
["blog", 6, "0/103", [1, 0, 0, 0, 1, 1.0]]
["book", 6, "0/103", [1, 0, 0, 0, 1, 1.0]]
["boot", 6, "0/103", [1, 0, 0, 0, 1, 1.0]]
["booth", 6, "0/103", [2, 0, 0, 0, 2, 1.3010299956639813]]
["broad", 6, "0/103", [1, 0, 0, 0, 1, 1.0]]
["bui", 6, "0/103", [1, 0, 0, 0, 1, 1.0]]
["building", 6, "0/103", [3, 0, 0, 0, 3, 1.4771212547196624]]
["burdensome", 9, "0/106", [1, 0, 0, 0, 1, 1.0]]
["busy", 6, "0/103", [1, 0, 0, 0, 1, 1.0]]
["button", 8, "0/105", [2, 1, 1, 0, 0, 1.3010299956639813]]
["buttons", 8, "0/105", [2, 1, 1, 0, 0, 1.3010299956639813]]
["calendar", 6, "0/103", [1, 0, 0, 0, 1, 1.0]]
["california", 6, "0/103", [3, 0, 0, 0, 3, 1.4771212547196624]]
["california", 9, "0/106", [1, 0, 0, 0, 1, 1.0]]
["camp", 6, "0/103", [2, 0, 0, 0, 2, 1.3010299956639813]]
["capability", 6, "0/103", [1, 0, 0, 0, 1, 1.0]]
["card", 6, "0/103", [1, 0, 0, 0, 1, 1.0]]
["care", 9, "0/106", [1, 0, 0, 0, 1, 1.0]]
["career", 6, "0/103", [2, 0, 0, 0, 2, 1.3010299956639813]]
["case", 7, "0/104", [1, 0, 0, 0, 1, 1.0]]
["catch", 6, "0/103", [1, 0, 0, 0, 1, 1.0]]
["category", 6, "0/103", [1, 0, 1, 0, 0, 1.0]]
["cbcl", 4, "0/101", [1, 0, 0, 0, 1, 1.0]]
["cecilia", 6, "0/103", [2, 0, 0, 0, 2, 1.3010299956639813]]
["celebration", 6, "0/103", [1, 0, 0, 0, 1, 1.0]]
["celera", 7, "0/104", [1, 0, 0, 0, 1, 1.0]]
["centos", 5, "0/102", [1, 0, 0, 0, 1, 1.0]]
["centos", 8, "0/105", [1, 0, 0, 0, 1, 1.0]]
["ceremony", 6, "0/103", [1, 0, 0, 0, 1, 1.0]]
["challenge", 6, "0/103", [1, 0, 0, 0, 1, 1.0]]
["chance", 6, "0/103", [3, 0, 0, 0, 3, 1.4771212547196624]]
["change", 4, "0/101", [1, 0, 0, 0, 1, 1.0]]
["cheaper", 9, "0/106", [1, 0, 0, 0, 1, 1.0]]
["check", 6, "0/103", [2, 0, 0, 0, 2, 1.3010299956639813]]
["choice", 6, "0/103", [1, 0, 0, 0, 1, 1.0]]
["choose", 6, "0/103", [1, 0, 0, 0, 1, 1.0]]
["chris", 6, "0/103", [1, 0, 0, 0, 1, 1.0]]
["cia", 6, "0/103", [6, 0, 0, 0, 6, 1.7781512503836436]]
["citation", 2, "0/10", [1, 0, 0, 0, 1, 1.0]]
["citation", 3, "0/100", [1, 0, 0, 0, 1, 1.0]]
["citation", 7, "0/104", [1, 0, 0, 0, 1, 1.0]]
["cite", 3, "0/100", [1, 0, 0, 0, 1, 1.0]]
["cleared", 6, "0/103", [1, 0, 0, 0, 1, 1.0]]
["closed", 6, "0/103", [1, 0, 0, 0, 1, 1.0]]
["club", 6, "0/103", [1, 0, 0, 0, 1, 1.0]]
["cochran", 6, "0/103", [1, 0, 0, 0, 1, 1.0]]
["code", 6, "0/103", [1, 0, 0, 0, 1, 1.0]]
["collaborated", 6, "0/103", [1, 0, 0, 0, 1, 1.0]]
["college", 6, "0/103", [1, 0, 0, 0, 1, 1.0]]
["combinatorial", 7, "0/104", [1, 0, 0, 0, 1, 1.0]]
["committee", 6, "0/103", [1, 0, 0, 0, 1, 1.0]]
["company", 6, "0/103", [10, 0, 0, 0, 10, 2.0]]
["competition", 6, "0/103", [1, 0, 0, 0, 1, 1.0]]
["completeanns", 5, "0/102", [1, 0, 0, 0, 1, 1.0]]
["completing", 6, "0/103", [1, 0, 0, 0, 1, 1.0]]
["compliance", 6, "0/103", [1, 0, 0, 0, 1, 1.0]]
["component", 9, "0/106", [1, 0, 0, 0, 1, 1.0]]
["computer", 2, "0/10", [2, 0, 0, 0, 2, 1.3010299956639813]]
["computer", 3, "0/100", [1, 0, 0, 0, 1, 1.0]]
["computer", 6, "0/103", [3, 1, 0, 0, 2, 1.4771212547196624]]
["computer", 7, "0/104", [1, 0, 0, 0, 1, 1.0]]
["computer", 9, "0/106", [1, 0, 0, 0, 1, 1.0]]
["computing", 3, "0/100", [1, 0, 0, 0, 1, 1.0]]
["computing", 6, "0/103", [4, 0, 0, 0, 4, 1.6020599913279625]]
["con", 6, "0/103", [1, 0, 0, 0, 1, 1.0]]
["concept", 6, "0/103", [1, 0, 0, 0, 1, 1.0]]
["concern", 6, "0/103", [1, 0, 0, 0, 1, 1.0]]
["conference", 6, "0/103", [1, 0, 0, 0, 1, 1.0]]
["confident", 6, "0/103", [1, 0, 0, 0, 1, 1.0]]
["configurable", 9, "0/106", [1, 0, 0, 0, 1, 1.0]]
["congrats", 6, "0/103", [1, 0, 0, 0, 1, 1.0]]
["connectivity", 3, "0/100", [1, 0, 0, 0, 1, 1.0]]
["consist", 6, "0/103", [1, 0, 0, 0, 1, 1.0]]
["consisted", 6, "0/103", [2, 0, 0, 0, 2, 1.3010299956639813]]
["constraint", 9, "0/106", [1, 0, 0, 0, 1, 1.0]]
["construction", 6, "0/103", [1, 0, 0, 0, 1, 1.0]]
["contact", 4, "0/101", [1, 0, 0, 0, 1, 1.0]]
["contact", 6, "0/103", [3, 0, 0, 0, 3, 1.4771212547196624]]
["continuous", 9, "0/106", [1, 0, 0, 0, 1, 1.0]]
["conventional", 9, "0/106", [1, 0, 0, 0, 1, 1.0]]
["cooky", 4, "0/101", [1, 0, 0, 0, 1, 1.0]]
["cool", 6, "0/103", [1, 0, 0, 0, 1, 1.0]]
["copyright", 6, "0/103", [1, 0, 0, 0, 1, 1.0]]
["core", 6, "0/103", [1, 0, 0, 0, 1, 1.0]]
["corey", 6, "0/103", [1, 0, 0, 0, 1, 1.0]]
["corporation", 6, "0/103", [1, 0, 0, 0, 1, 1.0]]
["courtesy", 6, "0/103", [1, 0, 0, 0, 1, 1.0]]
["cover", 6, "0/103", [2, 0, 0, 0, 2, 1.3010299956639813]]
["creativity", 6, "0/103", [1, 0, 0, 0, 1, 1.0]]
["credential", 4, "0/101", [1, 0, 0, 0, 1, 1.0]]
["credit", 6, "0/103", [1, 0, 0, 0, 1, 1.0]]
["critical", 9, "0/106", [1, 0, 0, 0, 1, 1.0]]
["current", 6, "0/103", [1, 0, 0, 0, 1, 1.0]]
["currently", 4, "0/101", [1, 0, 0, 0, 1, 1.0]]
["currently", 6, "0/103", [1, 0, 0, 0, 1, 1.0]]
["cut", 3, "0/100", [2, 1, 1, 0, 0, 1.3010299956639813]]
["cwic", 6, "0/103", [3, 0, 0, 0, 3, 1.4771212547196624]]
["dang", 6, "0/103", [1, 0, 0, 0, 1, 1.0]]
["data", 4, "0/101", [1, 0, 0, 0, 1, 1.0]]
["data", 9, "0/106", [8, 0, 0, 0, 8, 1.9030899869919435]]
["database", 2, "0/10", [1, 0, 0, 0, 1, 1.0]]
["database", 3, "0/100", [1, 0, 0, 0, 1, 1.0]]
["database", 7, "0/104", [1, 0, 0, 0, 1, 1.0]]
["database", 9, "0/106", [2, 0, 0, 0, 2, 1.3010299956639813]]
["day", 6, "0/103", [2, 0, 0, 0, 2, 1.3010299956639813]]
["dbh", 6, "0/103", [1, 0, 0, 0, 1, 1.0]]
["dc", 6, "0/103", [1, 0, 0, 0, 1, 1.0]]
["decreasing", 6, "0/103", [1, 0, 0, 0, 1, 1.0]]
["dedicated", 6, "0/103", [1, 0, 0, 0, 1, 1.0]]
["delicious", 6, "0/103", [2, 0, 0, 0, 2, 1.3010299956639813]]
["delivery", 6, "0/103", [1, 0, 0, 0, 1, 1.0]]
["demonstranda", 6, "0/103", [1, 0, 0, 0, 1, 1.0]]
["department", 6, "0/103", [1, 0, 0, 0, 1, 1.0]]
["department", 9, "0/106", [1, 0, 0, 0, 1, 1.0]]
["described", 6, "0/103", [1, 0, 0, 0, 1, 1.0]]
["description", 5, "0/102", [1, 0, 0, 0, 1, 1.0]]
["description", 8, "0/105", [1, 0, 0, 0, 1, 1.0]]
["design", 9, "0/106", [1, 0, 0, 0, 1, 1.0]]
["designed", 6, "0/103", [2, 0, 0, 0, 2, 1.3010299956639813]]
["developing", 6, "0/103", [2, 0, 0, 0, 2, 1.3010299956639813]]
["development", 6, "0/103", [4, 0, 0, 0, 4, 1.6020599913279625]]
["device", 9, "0/106", [1, 0, 0, 0, 1, 1.0]]
["diane", 6, "0/103", [1, 0, 0, 0, 1, 1.0]]
["difficult", 9, "0/106", [1, 0, 0, 0, 1, 1.0]]
["directed", 7, "0/104", [1, 0, 0, 0, 1, 1.0]]
["directory", 5, "0/102", [1, 0, 0, 0, 1, 1.0]]
["directory", 8, "0/105", [1, 0, 0, 0, 1, 1.0]]
["distributed", 9, "0/106", [2, 0, 0, 0, 2, 1.3010299956639813]]
["dmitri", 9, "0/106", [1, 0, 0, 1, 1, 1.0]]
["dock", 5, "0/102", [2, 1, 1, 0, 0, 1.3010299956639813]]
["document", 3, "0/100", [1, 0, 0, 0, 1, 1.0]]
["don", 6, "0/103", [2, 0, 0, 0, 2, 1.3010299956639813]]
["downloadable", 9, "0/106", [1, 0, 0, 0, 1, 1.0]]
["dragon", 2, "0/10", [1, 0, 0, 0, 1, 1.0]]
["driven", 9, "0/106", [1, 0, 0, 0, 1, 1.0]]
["duyongco", 6, "0/103", [1, 0, 0, 0, 1, 1.0]]
["dvk", 9, "0/106", [2, 0, 0, 0, 2, 1.3010299956639813]]
["dynamic", 3, "0/100", [3, 1, 1, 0, 1, 1.4771212547196624]]
["dynamic", 7, "0/104", [1, 0, 0, 0, 1, 1.0]]
["easy", 6, "0/103", [1, 0, 0, 0, 1, 1.0]]
["eat", 6, "0/103", [1, 0, 0, 0, 1, 1.0]]
["edge", 3, "0/100", [1, 0, 0, 0, 1, 1.0]]
["editor", 2, "0/10", [1, 0, 0, 0, 1, 1.0]]
["editor", 7, "0/104", [1, 0, 0, 0, 1, 1.0]]
["efficient", 9, "0/106", [1, 0, 0, 0, 1, 1.0]]
["emdeon", 6, "0/103", [1, 0, 0, 0, 1, 1.0]]
["emerging", 9, "0/106", [1, 0, 0, 0, 1, 1.0]]
["employed", 6, "0/103", [1, 0, 0, 0, 1, 1.0]]
["employee", 6, "0/103", [1, 0, 0, 0, 1, 1.0]]
["enabled", 4, "0/101", [1, 0, 0, 0, 1, 1.0]]
["enabling", 9, "0/106", [1, 0, 0, 0, 1, 1.0]]
["ended", 6, "0/103", [2, 0, 0, 0, 2, 1.3010299956639813]]
["energy", 9, "0/106", [1, 0, 0, 0, 1, 1.0]]
["engineer", 6, "0/103", [6, 0, 0, 0, 6, 1.7781512503836436]]
["engineering", 6, "0/103", [1, 0, 0, 0, 1, 1.0]]
["enjoyed", 6, "0/103", [2, 0, 0, 0, 2, 1.3010299956639813]]
["enjoying", 6, "0/103", [1, 0, 0, 0, 1, 1.0]]
["enter", 4, "0/101", [1, 0, 0, 0, 1, 1.0]]
["enter", 6, "0/103", [1, 0, 0, 0, 1, 1.0]]
["entry", 9, "0/106", [1, 0, 0, 0, 1, 1.0]]
["environment", 6, "0/103", [2, 0, 0, 0, 2, 1.3010299956639813]]
["eppstein", 2, "0/10", [2, 0, 0, 0, 2, 1.3010299956639813]]
["eppstein", 3, "0/100", [2, 0, 0, 0, 2, 1.3010299956639813]]
["eppstein", 7, "0/104", [2, 0, 0, 0, 2, 1.3010299956639813]]
["es", 6, "0/103", [1, 0, 0, 0, 1, 1.0]]
["event", 6, "0/103", [14, 0, 0, 0, 14, 2.146128035678238]]
["exciting", 6, "0/103", [1, 0, 0, 0, 1, 1.0]]
["experience", 6, "0/103", [2, 0, 0, 0, 2, 1.3010299956639813]]
["experimental", 2, "0/10", [1, 0, 0, 0, 1, 1.0]]
["experimental", 3, "0/100", [1, 0, 0, 0, 1, 1.0]]
["experimental", 7, "0/104", [1, 0, 0, 0, 1, 1.0]]
["expert", 6, "0/103", [1, 0, 0, 0, 1, 1.0]]
["explained", 6, "0/103", [1, 0, 0, 0, 1, 1.0]]
["extremely", 9, "0/106", [1, 0, 0, 0, 1, 1.0]]
["facebook", 6, "0/103", [10, 0, 0, 1, 10, 2.0]]
["fact", 6, "0/103", [1, 0, 0, 0, 1, 1.0]]
["factor", 9, "0/106", [1, 0, 0, 0, 1, 1.0]]
["fair", 6, "0/103", [1, 0, 0, 0, 1, 1.0]]
["fall", 6, "0/103", [1, 0, 0, 0, 1, 1.0]]
["fano", 2, "0/10", [1, 0, 0, 0, 1, 1.0]]
["fano", 3, "0/100", [1, 0, 0, 0, 1, 1.0]]
["fano", 7, "0/104", [1, 0, 0, 0, 1, 1.0]]
["feasible", 9, "0/106", [1, 0, 0, 0, 1, 1.0]]
["february", 6, "0/103", [2, 0, 0, 0, 2, 1.3010299956639813]]
["fee", 6, "0/103", [2, 0, 0, 0, 2, 1.3010299956639813]]
["female", 6, "0/103", [2, 0, 0, 0, 2, 1.3010299956639813]]
["field", 6, "0/103", [4, 0, 0, 0, 4, 1.6020599913279625]]
["figure", 6, "0/103", [1, 0, 0, 0, 1, 1.0]]
["file", 9, "0/106", [1, 0, 0, 0, 1, 1.0]]
["final", 6, "0/103", [1, 0, 0, 0, 1, 1.0]]
["finance", 6, "0/103", [1, 0, 0, 0, 1, 1.0]]
["flexible", 6, "0/103", [1, 0, 0, 0, 1, 1.0]]
["flight", 6, "0/103", [1, 0, 0, 0, 1, 1.0]]
["flores", 6, "0/103", [1, 0, 0, 0, 1, 1.0]]
["focused", 6, "0/103", [1, 0, 0, 0, 1, 1.0]]
["food", 6, "0/103", [4, 0, 0, 0, 4, 1.6020599913279625]]
["forgotten", 4, "0/101", [1, 0, 0, 0, 1, 1.0]]
["form", 6, "0/103", [1, 0, 0, 0, 1, 1.0]]
["fox", 6, "0/103", [1, 0, 0, 0, 1, 1.0]]
["free", 6, "0/103", [3, 0, 0, 0, 3, 1.4771212547196624]]
["freedom", 6, "0/103", [1, 0, 0, 0, 1, 1.0]]
["fresh", 6, "0/103", [1, 0, 0, 0, 1, 1.0]]
["freshman", 6, "0/103", [1, 0, 0, 0, 1, 1.0]]
["full", 6, "0/103", [2, 0, 0, 0, 2, 1.3010299956639813]]
["fully", 3, "0/100", [2, 1, 1, 0, 0, 1.3010299956639813]]
["fully", 7, "0/104", [1, 0, 0, 0, 1, 1.0]]
["fun", 6, "0/103", [3, 0, 0, 0, 3, 1.4771212547196624]]
["future", 6, "0/103", [6, 0, 0, 0, 6, 1.7781512503836436]]
["future", 9, "0/106", [1, 0, 0, 0, 1, 1.0]]
["game", 6, "0/103", [1, 0, 0, 0, 1, 1.0]]
["gas", 6, "0/103", [2, 0, 0, 0, 2, 1.3010299956639813]]
["gender", 6, "0/103", [1, 0, 0, 0, 1, 1.0]]
["general", 6, "0/103", [1, 0, 0, 0, 1, 1.0]]
["generation", 9, "0/106", [1, 0, 0, 0, 1, 1.0]]
["genomics", 7, "0/104", [1, 0, 0, 0, 1, 1.0]]
["gif", 8, "0/105", [16, 0, 0, 0, 16, 2.204119982655925]]
["gift", 6, "0/103", [1, 0, 0, 0, 1, 1.0]]
["gina", 6, "0/103", [1, 0, 0, 0, 1, 1.0]]
["glimpse", 6, "0/103", [1, 0, 0, 0, 1, 1.0]]
["global", 6, "0/103", [1, 0, 0, 0, 1, 1.0]]
["gloria", 6, "0/103", [1, 0, 0, 0, 1, 1.0]]
["goal", 6, "0/103", [1, 0, 0, 0, 1, 1.0]]
["going", 6, "0/103", [1, 0, 0, 0, 1, 1.0]]
["good", 6, "0/103", [1, 0, 0, 0, 1, 1.0]]
["google", 6, "0/103", [7, 0, 0, 0, 7, 1.845098040014257]]
["googlers", 6, "0/103", [2, 0, 0, 0, 2, 1.3010299956639813]]
["grad", 6, "0/103", [1, 0, 0, 0, 1, 1.0]]
["graduate", 6, "0/103", [1, 0, 0, 0, 1, 1.0]]
["graph", 3, "0/100", [1, 0, 0, 0, 1, 1.0]]
["graph", 7, "0/104", [1, 0, 0, 0, 1, 1.0]]
["gray", 6, "0/103", [1, 0, 0, 0, 1, 1.0]]
["great", 6, "0/103", [2, 0, 0, 0, 2, 1.3010299956639813]]
["greatly", 6, "0/103", [1, 0, 0, 0, 1, 1.0]]
["group", 6, "0/103", [1, 0, 0, 0, 1, 1.0]]
["grumman", 6, "0/103", [3, 0, 0, 0, 3, 1.4771212547196624]]
["guild", 6, "0/103", [1, 0, 0, 0, 1, 1.0]]
["gurveen", 6, "0/103", [1, 0, 0, 0, 1, 1.0]]
["ha", 6, "0/103", [1, 0, 0, 0, 1, 1.0]]
["half", 6, "0/103", [2, 0, 0, 0, 2, 1.3010299956639813]]
["han", 9, "0/106", [2, 0, 0, 0, 2, 1.3010299956639813]]
["hand", 6, "0/103", [1, 0, 0, 0, 1, 1.0]]
["handle", 9, "0/106", [1, 0, 0, 0, 1, 1.0]]
["handout", 6, "0/103", [1, 0, 0, 0, 1, 1.0]]
["happy", 6, "0/103", [1, 0, 0, 0, 1, 1.0]]
["hard", 6, "0/103", [1, 0, 0, 0, 1, 1.0]]
["hat", 6, "0/103", [1, 0, 0, 0, 1, 1.0]]
["hayes", 6, "0/103", [1, 0, 0, 0, 1, 1.0]]
["health", 6, "0/103", [2, 0, 0, 0, 2, 1.3010299956639813]]
["hear", 6, "0/103", [1, 0, 0, 0, 1, 1.0]]
["held", 6, "0/103", [4, 0, 0, 0, 4, 1.6020599913279625]]
["helped", 6, "0/103", [1, 0, 0, 0, 1, 1.0]]
["helping", 6, "0/103", [1, 0, 0, 0, 1, 1.0]]
["high", 9, "0/106", [1, 0, 0, 0, 1, 1.0]]
["highly", 6, "0/103", [1, 0, 0, 0, 1, 1.0]]
["hiring", 6, "0/103", [2, 0, 0, 0, 2, 1.3010299956639813]]
["homepage", 9, "0/106", [1, 0, 0, 0, 1, 1.0]]
["hope", 6, "0/103", [1, 0, 0, 0, 1, 1.0]]
["hopefully", 6, "0/103", [1, 0, 0, 0, 1, 1.0]]
["host", 6, "0/103", [1, 0, 0, 0, 1, 1.0]]
["hosted", 6, "0/103", [5, 0, 0, 0, 5, 1.6989700043360187]]
["hosting", 6, "0/103", [1, 0, 0, 0, 1, 1.0]]
["hosts", 6, "0/103", [1, 0, 0, 0, 1, 1.0]]
["humble", 6, "0/103", [1, 0, 0, 0, 1, 1.0]]
["ic", 6, "0/103", [2, 0, 0, 0, 2, 1.3010299956639813]]
["ics", 5, "0/102", [1, 0, 0, 0, 1, 1.0]]
["ics", 8, "0/105", [1, 0, 0, 0, 1, 1.0]]
["ideally", 9, "0/106", [1, 0, 0, 0, 1, 1.0]]
["ii", 3, "0/100", [1, 0, 0, 0, 1, 1.0]]
["incorporating", 9, "0/106", [1, 0, 0, 0, 1, 1.0]]
["indicative", 6, "0/103", [1, 0, 0, 0, 1, 1.0]]
["industry", 6, "0/103", [2, 0, 0, 0, 2, 1.3010299956639813]]
["inequality", 6, "0/103", [1, 0, 0, 0, 1, 1.0]]
["infeasible", 9, "0/106", [1, 0, 0, 0, 1, 1.0]]
["info", 6, "0/103", [22, 1, 1, 0, 20, 2.342422680822206]]
["informatics", 6, "0/103", [1, 0, 0, 0, 1, 1.0]]
["informed", 6, "0/103", [1, 0, 0, 0, 1, 1.0]]
["infrastructure", 9, "0/106", [2, 0, 0, 0, 2, 1.3010299956639813]]
["init", 6, "0/103", [2, 0, 0, 0, 2, 1.3010299956639813]]
["insight", 6, "0/103", [1, 0, 0, 0, 1, 1.0]]
["inspirational", 6, "0/103", [1, 0, 0, 0, 1, 1.0]]
["insurance", 6, "0/103", [1, 0, 0, 0, 1, 1.0]]
["int", 7, "0/104", [1, 0, 0, 0, 1, 1.0]]
["integrated", 9, "0/106", [1, 0, 0, 0, 1, 1.0]]
["interaction", 9, "0/106", [1, 0, 0, 0, 1, 1.0]]
["intern", 6, "0/103", [2, 0, 0, 0, 2, 1.3010299956639813]]
["internal", 4, "0/101", [1, 0, 0, 0, 1, 1.0]]
["international", 6, "0/103", [1, 0, 0, 0, 1, 1.0]]
["internship", 6, "0/103", [3, 0, 0, 0, 3, 1.4771212547196624]]
["interview", 6, "0/103", [2, 0, 0, 0, 2, 1.3010299956639813]]
["introduce", 6, "0/103", [1, 0, 0, 0, 1, 1.0]]
["investigate", 9, "0/106", [1, 0, 0, 0, 1, 1.0]]
["invited", 6, "0/103", [2, 0, 0, 0, 2, 1.3010299956639813]]
["involved", 6, "0/103", [2, 0, 0, 0, 2, 1.3010299956639813]]
["io", 6, "0/103", [1, 0, 0, 0, 1, 1.0]]
["irvine", 2, "0/10", [1, 0, 0, 0, 1, 1.0]]
["irvine", 3, "0/100", [1, 0, 0, 0, 1, 1.0]]
["irvine", 7, "0/104", [1, 0, 0, 0, 1, 1.0]]
["irvine", 9, "0/106", [1, 0, 0, 0, 1, 1.0]]
["issue", 6, "0/103", [1, 0, 0, 0, 1, 1.0]]
["issue", 9, "0/106", [1, 0, 0, 0, 1, 1.0]]
["ivan", 6, "0/103", [4, 0, 0, 0, 4, 1.6020599913279625]]
["january", 6, "0/103", [2, 0, 0, 0, 2, 1.3010299956639813]]
["jeopardy", 6, "0/103", [1, 0, 0, 0, 1, 1.0]]
["jess", 6, "0/103", [1, 0, 0, 0, 1, 1.0]]
["jet", 6, "0/103", [1, 0, 0, 0, 1, 1.0]]
["job", 6, "0/103", [6, 0, 0, 0, 6, 1.7781512503836436]]
["jobs", 6, "0/103", [1, 0, 0, 0, 1, 1.0]]
["join", 6, "0/103", [1, 0, 0, 0, 1, 1.0]]
["journal", 9, "0/106", [1, 0, 0, 0, 1, 1.0]]
["journey", 6, "0/103", [1, 0, 0, 0, 1, 1.0]]
["jul", 3, "0/100", [1, 0, 0, 0, 1, 1.0]]
["justin", 6, "0/103", [1, 0, 0, 0, 1, 1.0]]
["kalashnikov", 9, "0/106", [2, 0, 0, 1, 2, 1.3010299956639813]]
["kathy", 6, "0/103", [1, 0, 0, 0, 1, 1.0]]
["katoul", 6, "0/103", [1, 0, 0, 0, 1, 1.0]]
["key", 6, "0/103", [2, 0, 0, 0, 2, 1.3010299956639813]]
["keywords", 9, "0/106", [1, 0, 0, 0, 1, 1.0]]
["kicked", 6, "0/103", [1, 0, 0, 0, 1, 1.0]]
["kristine", 6, "0/103", [1, 0, 0, 0, 1, 1.0]]
["lab", 4, "0/101", [3, 1, 0, 0, 2, 1.4771212547196624]]
["laboratory", 6, "0/103", [1, 0, 0, 0, 1, 1.0]]
["lady", 6, "0/103", [1, 0, 0, 0, 1, 1.0]]
["language", 6, "0/103", [1, 0, 0, 0, 1, 1.0]]
["large", 6, "0/103", [2, 0, 0, 0, 2, 1.3010299956639813]]
["large", 9, "0/106", [2, 0, 0, 0, 2, 1.3010299956639813]]
["law", 6, "0/103", [4, 0, 0, 0, 4, 1.6020599913279625]]
["lazaridis", 9, "0/106", [2, 0, 0, 0, 2, 1.3010299956639813]]
["lead", 6, "0/103", [2, 0, 0, 0, 2, 1.3010299956639813]]
["leader", 6, "0/103", [1, 0, 0, 0, 1, 1.0]]
["leading", 6, "0/103", [2, 0, 0, 0, 2, 1.3010299956639813]]
["learn", 6, "0/103", [4, 0, 0, 0, 4, 1.6020599913279625]]
["learned", 6, "0/103", [3, 0, 0, 0, 3, 1.4771212547196624]]
["learning", 4, "0/101", [2, 1, 0, 0, 1, 1.3010299956639813]]
["leave", 6, "0/103", [1, 0, 0, 0, 1, 1.0]]
["left", 6, "0/103", [1, 0, 0, 0, 1, 1.0]]
["lego", 6, "0/103", [2, 0, 0, 0, 2, 1.3010299956639813]]
["leonardi", 7, "0/104", [2, 1, 1, 0, 0, 1.3010299956639813]]
["letter", 6, "0/103", [1, 0, 0, 0, 1, 1.0]]
["level", 9, "0/106", [2, 0, 0, 0, 2, 1.3010299956639813]]
["light", 6, "0/103", [1, 0, 0, 0, 1, 1.0]]
["liking", 6, "0/103", [1, 0, 0, 0, 1, 1.0]]
["limited", 6, "0/103", [2, 0, 0, 0, 2, 1.3010299956639813]]
["listen", 6, "0/103", [1, 0, 0, 0, 1, 1.0]]
["listening", 6, "0/103", [1, 0, 0, 0, 1, 1.0]]
["located", 6, "0/103", [1, 0, 0, 0, 1, 1.0]]
["location", 6, "0/103", [1, 0, 0, 0, 1, 1.0]]
["log", 4, "0/101", [2, 0, 0, 0, 2, 1.3010299956639813]]
["logged", 4, "0/101", [1, 0, 0, 0, 1, 1.0]]
["login", 4, "0/101", [3, 0, 1, 0, 2, 1.4771212547196624]]
["lookout", 6, "0/103", [1, 0, 0, 0, 1, 1.0]]
["lot", 6, "0/103", [2, 0, 0, 0, 2, 1.3010299956639813]]
["luckily", 6, "0/103", [1, 0, 0, 0, 1, 1.0]]
["lynn", 6, "0/103", [2, 0, 0, 0, 2, 1.3010299956639813]]
["machine", 4, "0/101", [2, 1, 0, 0, 1, 1.3010299956639813]]
["managed", 6, "0/103", [1, 0, 0, 0, 1, 1.0]]
["management", 9, "0/106", [1, 0, 0, 0, 1, 1.0]]
["manner", 9, "0/106", [1, 0, 0, 0, 1, 1.0]]
["mar", 9, "0/106", [1, 0, 0, 0, 1, 1.0]]
["march", 9, "0/106", [1, 0, 1, 0, 0, 1.0]]
["mark", 6, "0/103", [1, 0, 0, 0, 1, 1.0]]
["market", 6, "0/103", [1, 0, 0, 0, 1, 1.0]]
["maternity", 6, "0/103", [1, 0, 0, 0, 1, 1.0]]
["measure", 6, "0/103", [1, 0, 0, 0, 1, 1.0]]
["meeting", 6, "0/103", [4, 0, 0, 0, 4, 1.6020599913279625]]
["mehrotra", 9, "0/106", [2, 0, 0, 0, 2, 1.3010299956639813]]
["melissa", 6, "0/103", [1, 0, 0, 0, 1, 1.0]]
["member", 6, "0/103", [4, 0, 0, 0, 4, 1.6020599913279625]]
["membership", 6, "0/103", [1, 0, 0, 0, 1, 1.0]]
["mentorship", 6, "0/103", [4, 0, 0, 0, 4, 1.6020599913279625]]
["meridianlink", 6, "0/103", [1, 0, 0, 0, 1, 1.0]]
["messenger", 6, "0/103", [1, 0, 0, 0, 1, 1.0]]
["method", 6, "0/103", [1, 0, 0, 0, 1, 1.0]]
["meyer", 6, "0/103", [1, 0, 0, 0, 1, 1.0]]
["michele", 8, "0/105", [2, 1, 1, 0, 0, 1.3010299956639813]]
["midterm", 6, "0/103", [2, 0, 0, 0, 2, 1.3010299956639813]]
["mikkel", 3, "0/100", [1, 0, 0, 0, 1, 1.0]]
["min", 3, "0/100", [2, 1, 1, 0, 0, 1.3010299956639813]]
["mirth", 6, "0/103", [1, 0, 0, 0, 1, 1.0]]
["misconception", 6, "0/103", [1, 0, 0, 0, 1, 1.0]]
["missed", 6, "0/103", [1, 0, 0, 0, 1, 1.0]]
["mixer", 6, "0/103", [1, 0, 0, 0, 1, 1.0]]
["mkayala", 5, "0/102", [2, 1, 1, 0, 0, 1.3010299956639813]]
["modified", 5, "0/102", [1, 0, 0, 0, 1, 1.0]]
["modified", 8, "0/105", [1, 0, 0, 0, 1, 1.0]]
["monday", 6, "0/103", [3, 0, 0, 0, 3, 1.4771212547196624]]
["monitoring", 9, "0/106", [1, 0, 0, 0, 1, 1.0]]
["month", 9, "0/106", [1, 0, 0, 0, 1, 1.0]]
["motivational", 6, "0/103", [1, 0, 0, 0, 1, 1.0]]
["msherk", 2, "0/10", [1, 0, 0, 0, 1, 1.0]]
["multiple", 6, "0/103", [2, 0, 0, 0, 2, 1.3010299956639813]]
["multitasking", 6, "0/103", [1, 0, 0, 0, 1, 1.0]]
["munson", 6, "0/103", [1, 0, 0, 0, 1, 1.0]]
["murray", 2, "0/10", [2, 1, 1, 0, 0, 1.3010299956639813]]
["mythem", 6, "0/103", [1, 0, 0, 0, 1, 1.0]]
["nalini", 9, "0/106", [1, 0, 0, 0, 1, 1.0]]
["nasa", 6, "0/103", [1, 0, 0, 0, 1, 1.0]]
["natural", 9, "0/106", [1, 0, 0, 0, 1, 1.0]]
["needed", 6, "0/103", [1, 0, 0, 0, 1, 1.0]]
["net", 6, "0/103", [1, 0, 0, 0, 1, 1.0]]
["network", 6, "0/103", [1, 0, 0, 0, 1, 1.0]]
["networking", 6, "0/103", [2, 0, 0, 0, 2, 1.3010299956639813]]
["newcomer", 6, "0/103", [1, 0, 0, 0, 1, 1.0]]
["news", 6, "0/103", [2, 0, 0, 0, 2, 1.3010299956639813]]
["night", 6, "0/103", [2, 0, 0, 0, 2, 1.3010299956639813]]
["nikita", 6, "0/103", [1, 0, 0, 0, 1, 1.0]]
["norm", 5, "0/102", [1, 0, 0, 0, 1, 1.0]]
["northrop", 6, "0/103", [3, 0, 0, 0, 3, 1.4771212547196624]]
["november", 6, "0/103", [3, 0, 0, 0, 3, 1.4771212547196624]]
["number", 6, "0/103", [1, 0, 0, 0, 1, 1.0]]
["number", 9, "0/106", [3, 0, 0, 0, 3, 1.4771212547196624]]
["october", 6, "0/103", [1, 0, 0, 0, 1, 1.0]]
["offer", 6, "0/103", [6, 0, 0, 0, 6, 1.7781512503836436]]
["officer", 6, "0/103", [2, 0, 0, 0, 2, 1.3010299956639813]]
["onus", 9, "0/106", [1, 0, 0, 0, 1, 1.0]]
["open", 1, "0/1", [1, 1, 0, 0, 0, 1.0]]
["opentext", 6, "0/103", [1, 0, 0, 0, 1, 1.0]]
["operated", 9, "0/106", [1, 0, 0, 0, 1, 1.0]]
["opportunity", 6, "0/103", [10, 0, 0, 0, 10, 2.0]]
["optimization", 7, "0/104", [1, 0, 0, 0, 1, 1.0]]
["organization", 6, "0/103", [1, 0, 0, 0, 1, 1.0]]
["organizing", 6, "0/103", [1, 0, 0, 0, 1, 1.0]]
["over2", 8, "0/105", [1, 0, 0, 0, 1, 1.0]]
["overachieving", 6, "0/103", [1, 0, 0, 0, 1, 1.0]]
["paid", 6, "0/103", [1, 0, 0, 0, 1, 1.0]]
["panel", 6, "0/103", [12, 0, 0, 1, 12, 2.079181246047625]]
["paper", 9, "0/106", [2, 0, 0, 0, 2, 1.3010299956639813]]
["paradigm", 9, "0/106", [1, 0, 0, 0, 1, 1.0]]
["parent", 5, "0/102", [1, 0, 0, 0, 1, 1.0]]
["parent", 8, "0/105", [1, 0, 0, 0, 1, 1.0]]
["passionate", 6, "0/103", [1, 0, 0, 0, 1, 1.0]]
["password", 4, "0/101", [3, 0, 0, 0, 3, 1.4771212547196624]]
["paternity", 6, "0/103", [1, 0, 0, 0, 1, 1.0]]
["pdf", 9, "0/106", [1, 0, 0, 0, 1, 1.0]]
["people", 4, "0/101", [1, 0, 0, 0, 1, 1.0]]
["people", 6, "0/103", [12, 0, 0, 0, 12, 2.079181246047625]]
["personal", 6, "0/103", [1, 0, 0, 0, 1, 1.0]]
["personal", 8, "0/105", [4, 0, 0, 0, 4, 1.6020599913279625]]
["pf", 5, "0/102", [1, 0, 0, 0, 1, 1.0]]
["phan", 6, "0/103", [1, 0, 0, 0, 1, 1.0]]
["photo", 6, "0/103", [9, 0, 0, 0, 9, 1.9542425094393248]]
["physical", 9, "0/106", [1, 0, 0, 0, 1, 1.0]]
["pick", 6, "0/103", [1, 0, 0, 0, 1, 1.0]]
["pizza", 6, "0/103", [1, 0, 0, 0, 1, 1.0]]
["popularity", 6, "0/103", [1, 0, 0, 0, 1, 1.0]]
["port", 5, "0/102", [1, 0, 0, 0, 1, 1.0]]
["port", 8, "0/105", [1, 0, 0, 0, 1, 1.0]]
["position", 6, "0/103", [1, 0, 0, 0, 1, 1.0]]
["powered", 6, "0/103", [1, 0, 0, 0, 1, 1.0]]
["powerpoint", 6, "0/103", [1, 0, 0, 0, 1, 1.0]]
["praised", 6, "0/103", [1, 0, 0, 0, 1, 1.0]]
["prepared", 6, "0/103", [1, 0, 0, 0, 1, 1.0]]
["presented", 6, "0/103", [1, 0, 0, 0, 1, 1.0]]
["prev", 6, "0/103", [9, 0, 0, 0, 9, 1.9542425094393248]]
["previous", 6, "0/103", [1, 0, 0, 0, 1, 1.0]]
["printing", 6, "0/103", [1, 0, 0, 0, 1, 1.0]]
["priority", 6, "0/103", [1, 0, 0, 0, 1, 1.0]]
["prize", 6, "0/103", [1, 0, 0, 0, 1, 1.0]]
["pro", 6, "0/103", [1, 0, 0, 0, 1, 1.0]]
["proc", 3, "0/100", [1, 0, 0, 0, 1, 1.0]]
["proc", 7, "0/104", [1, 0, 0, 0, 1, 1.0]]
["process", 6, "0/103", [1, 0, 0, 0, 1, 1.0]]
["process", 9, "0/106", [1, 0, 0, 0, 1, 1.0]]
["processing", 9, "0/106", [1, 0, 0, 0, 1, 1.0]]
["producer", 6, "0/103", [1, 0, 0, 0, 1, 1.0]]
["product", 6, "0/103", [1, 0, 0, 0, 1, 1.0]]
["professional", 6, "0/103", [1, 0, 0, 0, 1, 1.0]]
["professor", 6, "0/103", [1, 0, 0, 0, 1, 1.0]]
["program", 6, "0/103", [5, 0, 0, 0, 5, 1.6989700043360187]]
["programming", 6, "0/103", [1, 0, 0, 0, 1, 1.0]]
["progress", 6, "0/103", [1, 0, 0, 0, 1, 1.0]]
["project", 1, "0/1", [1, 1, 0, 0, 0, 1.0]]
["project", 4, "0/101", [1, 0, 0, 0, 1, 1.0]]
["project", 6, "0/103", [5, 0, 0, 0, 5, 1.6989700043360187]]
["promising", 9, "0/106", [1, 0, 0, 0, 1, 1.0]]
["promoted", 6, "0/103", [1, 0, 0, 0, 1, 1.0]]
["promotion", 6, "0/103", [1, 0, 0, 0, 1, 1.0]]
["propulsion", 6, "0/103", [1, 0, 0, 0, 1, 1.0]]
["provide", 6, "0/103", [1, 0, 0, 0, 1, 1.0]]
["provided", 6, "0/103", [2, 0, 0, 0, 2, 1.3010299956639813]]
["publication", 2, "0/10", [1, 0, 0, 0, 1, 1.0]]
["publication", 3, "0/100", [1, 0, 0, 0, 1, 1.0]]
["publication", 4, "0/101", [1, 0, 0, 0, 1, 1.0]]
["publication", 7, "0/104", [1, 0, 0, 0, 1, 1.0]]
["quality", 9, "0/106", [7, 1, 1, 0, 5, 1.845098040014257]]
["quasar", 9, "0/106", [3, 1, 1, 0, 1, 1.4771212547196624]]
["query", 9, "0/106", [1, 0, 0, 0, 1, 1.0]]
["querying", 9, "0/106", [1, 0, 0, 0, 1, 1.0]]
["question", 6, "0/103", [2, 0, 0, 0, 2, 1.3010299956639813]]
["raffled", 6, "0/103", [1, 0, 0, 0, 1, 1.0]]
["range", 6, "0/103", [1, 0, 0, 0, 1, 1.0]]
["ranged", 6, "0/103", [2, 0, 0, 0, 2, 1.3010299956639813]]
["rate", 9, "0/106", [1, 0, 0, 0, 1, 1.0]]
["reachability", 7, "0/104", [1, 0, 0, 0, 1, 1.0]]
["reaction", 9, "0/106", [1, 0, 0, 0, 1, 1.0]]
["real", 6, "0/103", [1, 0, 0, 0, 1, 1.0]]
["received", 6, "0/103", [1, 0, 0, 0, 1, 1.0]]
["record", 6, "0/103", [1, 0, 0, 0, 1, 1.0]]
["record", 9, "0/106", [3, 1, 1, 0, 1, 1.4771212547196624]]
["recruiter", 6, "0/103", [2, 0, 0, 0, 2, 1.3010299956639813]]
["red", 6, "0/103", [1, 0, 0, 0, 1, 1.0]]
["regulating", 9, "0/106", [1, 0, 0, 0, 1, 1.0]]
["reimbursement", 6, "0/103", [1, 0, 0, 0, 1, 1.0]]
["relaxation", 6, "0/103", [1, 0, 0, 0, 1, 1.0]]
["remarked", 6, "0/103", [1, 0, 0, 0, 1, 1.0]]
["remember", 4, "0/101", [1, 0, 0, 0, 1, 1.0]]
["representative", 6, "0/103", [2, 0, 0, 0, 2, 1.3010299956639813]]
["requirement", 9, "0/106", [1, 0, 0, 0, 1, 1.0]]
["resolution", 9, "0/106", [1, 0, 0, 0, 1, 1.0]]
["rest", 6, "0/103", [1, 0, 0, 0, 1, 1.0]]
["resume", 6, "0/103", [2, 0, 0, 0, 2, 1.3010299956639813]]
["reviewer", 2, "0/10", [1, 0, 0, 0, 1, 1.0]]
["reviewer", 7, "0/104", [1, 0, 0, 0, 1, 1.0]]
["revision", 4, "0/101", [1, 0, 0, 0, 1, 1.0]]
["revolutionize", 9, "0/106", [1, 0, 0, 0, 1, 1.0]]
["room", 6, "0/103", [1, 0, 0, 0, 1, 1.0]]
["rsvped", 6, "0/103", [1, 0, 0, 0, 1, 1.0]]
["rubio", 6, "0/103", [1, 0, 0, 0, 1, 1.0]]
["safety", 6, "0/103", [1, 0, 0, 0, 1, 1.0]]
["sarah", 6, "0/103", [1, 0, 0, 0, 1, 1.0]]
["scgc", 6, "0/103", [6, 0, 0, 0, 6, 1.7781512503836436]]
["schedule", 6, "0/103", [1, 0, 0, 0, 1, 1.0]]
["school", 2, "0/10", [2, 0, 0, 0, 2, 1.3010299956639813]]
["school", 3, "0/100", [1, 0, 0, 0, 1, 1.0]]
["school", 6, "0/103", [1, 0, 0, 0, 1, 1.0]]
["school", 7, "0/104", [1, 0, 0, 0, 1, 1.0]]
["science", 2, "0/10", [2, 0, 0, 0, 2, 1.3010299956639813]]
["science", 3, "0/100", [1, 0, 0, 0, 1, 1.0]]
["science", 6, "0/103", [3, 1, 0, 0, 2, 1.4771212547196624]]
["science", 7, "0/104", [1, 0, 0, 0, 1, 1.0]]
["science", 9, "0/106", [1, 0, 0, 0, 1, 1.0]]
["scope", 6, "0/103", [1, 0, 0, 0, 1, 1.0]]
["scratch", 5, "0/102", [2, 1, 1, 0, 0, 1.3010299956639813]]
["search", 2, "0/10", [1, 0, 0, 0, 1, 1.0]]
["second", 6, "0/103", [1, 0, 0, 0, 1, 1.0]]
["secret", 6, "0/103", [1, 0, 0, 0, 1, 1.0]]
["security", 6, "0/103", [1, 0, 0, 0, 1, 1.0]]
["sekhon", 6, "0/103", [1, 0, 0, 0, 1, 1.0]]
["sensing", 9, "0/106", [4, 1, 1, 0, 2, 1.6020599913279625]]
["sensor", 9, "0/106", [8, 0, 0, 0, 8, 1.9030899869919435]]
["separator", 3, "0/100", [1, 0, 0, 0, 1, 1.0]]
["server", 2, "0/10", [1, 0, 0, 0, 1, 1.0]]
["server", 3, "0/100", [1, 0, 0, 0, 1, 1.0]]
["server", 5, "0/102", [1, 0, 0, 0, 1, 1.0]]
["server", 7, "0/104", [1, 0, 0, 0, 1, 1.0]]
["server", 8, "0/105", [1, 0, 0, 0, 1, 1.0]]
["session", 6, "0/103", [23, 1, 1, 0, 21, 2.361727836017593]]
["set", 4, "0/101", [1, 0, 0, 0, 1, 1.0]]
["set", 6, "0/103", [1, 0, 0, 0, 1, 1.0]]
["severe", 9, "0/106", [1, 0, 0, 0, 1, 1.0]]
["share", 6, "0/103", [1, 0, 0, 0, 1, 1.0]]
["sherk", 2, "0/10", [2, 1, 1, 0, 0, 1.3010299956639813]]
["sigmod", 9, "0/106", [3, 1, 1, 0, 1, 1.4771212547196624]]
["sigmodr04", 9, "0/106", [2, 0, 0, 0, 2, 1.3010299956639813]]
["signed", 6, "0/103", [1, 0, 0, 0, 1, 1.0]]
["signup", 6, "0/103", [2, 0, 0, 0, 2, 1.3010299956639813]]
["simple", 9, "0/106", [1, 0, 0, 0, 1, 1.0]]
["site", 6, "0/103", [1, 0, 0, 0, 1, 1.0]]
["site", 9, "0/106", [1, 0, 0, 0, 1, 1.0]]
["sitemap", 4, "0/101", [1, 0, 0, 0, 1, 1.0]]
["size", 5, "0/102", [1, 0, 0, 0, 1, 1.0]]
["size", 8, "0/105", [1, 0, 0, 0, 1, 1.0]]
["slide", 1, "0/1", [1, 0, 0, 0, 1, 1.0]]
["slide", 6, "0/103", [1, 0, 0, 0, 1, 1.0]]
["small", 9, "0/106", [1, 0, 0, 0, 1, 1.0]]
["smaller", 9, "0/106", [1, 0, 0, 0, 1, 1.0]]
["socal", 6, "0/103", [3, 0, 0, 0, 3, 1.4771212547196624]]
["social", 6, "0/103", [2, 0, 0, 0, 2, 1.3010299956639813]]
["socialization", 6, "0/103", [1, 0, 0, 0, 1, 1.0]]
["software", 4, "0/101", [3, 1, 0, 0, 2, 1.4771212547196624]]
["software", 6, "0/103", [3, 0, 0, 0, 3, 1.4771212547196624]]
["sophomore", 6, "0/103", [1, 0, 0, 0, 1, 1.0]]
["source", 1, "0/1", [1, 1, 0, 0, 0, 1.0]]
["southern", 6, "0/103", [3, 0, 0, 0, 3, 1.4771212547196624]]
["space", 6, "0/103", [2, 0, 0, 0, 2, 1.3010299956639813]]
["sparsification", 3, "0/100", [2, 0, 0, 0, 2, 1.3010299956639813]]
["spatial", 9, "0/106", [1, 0, 0, 0, 1, 1.0]]
["speaker", 6, "0/103", [5, 0, 0, 0, 5, 1.6989700043360187]]
["speeding", 3, "0/100", [1, 0, 0, 0, 1, 1.0]]
["sql", 9, "0/106", [1, 0, 0, 0, 1, 1.0]]
["start", 4, "0/101", [1, 0, 0, 0, 1, 1.0]]
["stay", 6, "0/103", [3, 0, 0, 0, 3, 1.4771212547196624]]
["staying", 6, "0/103", [1, 0, 0, 0, 1, 1.0]]
["stefano", 7, "0/104", [2, 1, 1, 0, 0, 1.3010299956639813]]
["story", 6, "0/103", [1, 0, 0, 0, 1, 1.0]]
["stream", 9, "0/106", [1, 0, 0, 0, 1, 1.0]]
["streamed", 9, "0/106", [1, 0, 0, 0, 1, 1.0]]
["student", 6, "0/103", [5, 0, 0, 0, 5, 1.6989700043360187]]
["students", 6, "0/103", [1, 0, 0, 0, 1, 1.0]]
["submit", 6, "0/103", [1, 0, 0, 0, 1, 1.0]]
["succeed", 6, "0/103", [1, 0, 0, 0, 1, 1.0]]
["success", 6, "0/103", [1, 0, 0, 0, 1, 1.0]]
["successful", 6, "0/103", [2, 0, 0, 0, 2, 1.3010299956639813]]
["summer", 6, "0/103", [1, 0, 0, 0, 1, 1.0]]
["support", 6, "0/103", [1, 0, 0, 0, 1, 1.0]]
["supporting", 9, "0/106", [1, 0, 0, 0, 1, 1.0]]
["swag", 6, "0/103", [3, 0, 0, 0, 3, 1.4771212547196624]]
["symp", 3, "0/100", [1, 0, 0, 0, 1, 1.0]]
["system", 9, "0/106", [3, 0, 0, 0, 3, 1.4771212547196624]]
["talk", 6, "0/103", [6, 0, 0, 0, 6, 1.7781512503836436]]
["talked", 6, "0/103", [3, 0, 0, 0, 3, 1.4771212547196624]]
["taught", 6, "0/103", [1, 0, 0, 0, 1, 1.0]]
["tc3", 6, "0/103", [1, 0, 0, 0, 1, 1.0]]
["teaching", 4, "0/101", [1, 0, 0, 0, 1, 1.0]]
["teaching", 8, "0/105", [3, 0, 0, 0, 3, 1.4771212547196624]]
["team", 6, "0/103", [5, 0, 0, 0, 5, 1.6989700043360187]]
["teamed", 6, "0/103", [1, 0, 0, 0, 1, 1.0]]
["tech", 6, "0/103", [2, 0, 0, 0, 2, 1.3010299956639813]]
["technique", 3, "0/100", [1, 0, 0, 0, 1, 1.0]]
["technological", 6, "0/103", [1, 0, 0, 0, 1, 1.0]]
["technological", 9, "0/106", [1, 0, 0, 0, 1, 1.0]]
["technology", 6, "0/103", [3, 0, 0, 0, 3, 1.4771212547196624]]
["temporal", 9, "0/106", [1, 0, 0, 0, 1, 1.0]]
["terrific", 6, "0/103", [1, 0, 0, 0, 1, 1.0]]
["test", 8, "0/105", [2, 1, 1, 0, 0, 1.3010299956639813]]
["thakore", 6, "0/103", [1, 0, 0, 0, 1, 1.0]]
["theory", 3, "0/100", [1, 0, 0, 0, 1, 1.0]]
["thorup", 3, "0/100", [1, 0, 0, 0, 1, 1.0]]
["thought", 6, "0/103", [1, 0, 0, 0, 1, 1.0]]
["thursday", 6, "0/103", [2, 0, 0, 0, 2, 1.3010299956639813]]
["time", 6, "0/103", [4, 0, 0, 0, 4, 1.6020599913279625]]
["title", 6, "0/103", [1, 0, 0, 0, 1, 1.0]]
["title", 9, "0/106", [1, 0, 0, 0, 1, 1.0]]
["track", 6, "0/103", [1, 0, 0, 0, 1, 1.0]]
["traditional", 6, "0/103", [1, 0, 0, 0, 1, 1.0]]
["train", 6, "0/103", [1, 0, 0, 0, 1, 1.0]]
["training", 6, "0/103", [1, 0, 0, 0, 1, 1.0]]
["transportation", 6, "0/103", [1, 0, 0, 0, 1, 1.0]]
["travel", 6, "0/103", [1, 0, 0, 0, 1, 1.0]]
["trees", 2, "0/10", [1, 0, 0, 0, 1, 1.0]]
["tu", 6, "0/103", [1, 0, 0, 0, 1, 1.0]]
["tuned", 6, "0/103", [1, 0, 0, 0, 1, 1.0]]
["turnout", 6, "0/103", [1, 0, 0, 0, 1, 1.0]]
["uc", 2, "0/10", [1, 0, 0, 0, 1, 1.0]]
["uc", 3, "0/100", [1, 0, 0, 0, 1, 1.0]]
["uc", 7, "0/104", [1, 0, 0, 0, 1, 1.0]]
["uci", 4, "0/101", [1, 0, 0, 0, 1, 1.0]]
["uci", 5, "0/102", [1, 0, 0, 0, 1, 1.0]]
["uci", 6, "0/103", [3, 0, 0, 0, 3, 1.4771212547196624]]
["uci", 8, "0/105", [1, 0, 0, 0, 1, 1.0]]
["unable", 6, "0/103", [2, 0, 0, 0, 2, 1.3010299956639813]]
["unanimously", 6, "0/103", [1, 0, 0, 0, 1, 1.0]]
["union", 6, "0/103", [1, 0, 0, 0, 1, 1.0]]
["united", 6, "0/103", [1, 0, 0, 0, 1, 1.0]]
["univ", 2, "0/10", [1, 0, 0, 0, 1, 1.0]]
["university", 9, "0/106", [1, 0, 0, 0, 1, 1.0]]
["unprecedented", 9, "0/106", [1, 0, 0, 0, 1, 1.0]]
["updated", 6, "0/103", [2, 0, 0, 0, 2, 1.3010299956639813]]
["upload", 5, "0/102", [2, 1, 1, 0, 0, 1.3010299956639813]]
["user", 9, "0/106", [1, 0, 0, 0, 1, 1.0]]
["username", 4, "0/101", [1, 0, 0, 0, 1, 1.0]]
["uwaterloo", 2, "0/10", [1, 0, 0, 0, 1, 1.0]]
["venkatasubramanian", 9, "0/106", [2, 0, 0, 0, 2, 1.3010299956639813]]
["verizon", 6, "0/103", [7, 0, 0, 0, 7, 1.845098040014257]]
["vertex", 3, "0/100", [1, 0, 0, 0, 1, 1.0]]
["view", 6, "0/103", [10, 0, 0, 0, 10, 2.0]]
["volume", 9, "0/106", [1, 0, 0, 0, 1, 1.0]]
["volunteered", 6, "0/103", [1, 0, 0, 0, 1, 1.0]]
["wa", 6, "0/103", [9, 0, 0, 0, 9, 1.9542425094393248]]
["wanted", 6, "0/103", [1, 0, 0, 0, 1, 1.0]]
["washington", 6, "0/103", [1, 0, 0, 0, 1, 1.0]]
["waterloo", 2, "0/10", [1, 0, 0, 0, 1, 1.0]]
["web", 2, "0/10", [1, 0, 0, 0, 1, 1.0]]
["web", 3, "0/100", [1, 0, 0, 0, 1, 1.0]]
["web", 6, "0/103", [1, 0, 0, 0, 1, 1.0]]
["web", 7, "0/104", [1, 0, 0, 0, 1, 1.0]]
["website", 6, "0/103", [2, 0, 0, 0, 2, 1.3010299956639813]]
["wednesday", 6, "0/103", [2, 0, 0, 0, 2, 1.3010299956639813]]
["week", 6, "0/103", [6, 0, 0, 0, 6, 1.7781512503836436]]
["weekend", 6, "0/103", [1, 0, 0, 0, 1, 1.0]]
["weekly", 6, "0/103", [1, 0, 0, 0, 1, 1.0]]
["welcoming", 6, "0/103", [1, 0, 0, 0, 1, 1.0]]
["well", 6, "0/103", [4, 0, 0, 0, 4, 1.6020599913279625]]
["wics", 6, "0/103", [31, 0, 0, 0, 31, 2.4913616938342726]]
["will", 6, "0/103", [2, 0, 0, 0, 2, 1.3010299956639813]]
["will", 9, "0/106", [1, 0, 0, 0, 1, 1.0]]
["winner", 6, "0/103", [1, 0, 0, 0, 1, 1.0]]
["winter", 6, "0/103", [1, 0, 0, 0, 1, 1.0]]
["wireless", 9, "0/106", [1, 0, 0, 0, 1, 1.0]]
["witi", 6, "0/103", [5, 0, 0, 0, 5, 1.6989700043360187]]
["woman", 6, "0/103", [17, 1, 0, 1, 15, 2.230448921378274]]
["won", 6, "0/103", [1, 0, 0, 0, 1, 1.0]]
["wong", 6, "0/103", [3, 0, 0, 0, 3, 1.4771212547196624]]
["wordpress", 6, "0/103", [1, 0, 0, 0, 1, 1.0]]
["work", 6, "0/103", [8, 0, 0, 0, 8, 1.9030899869919435]]
["working", 6, "0/103", [8, 0, 0, 0, 8, 1.9030899869919435]]
["worksh", 7, "0/104", [1, 0, 0, 0, 1, 1.0]]
["workshop", 6, "0/103", [1, 0, 0, 0, 1, 1.0]]
["worry", 6, "0/103", [1, 0, 0, 0, 1, 1.0]]
["written", 6, "0/103", [1, 0, 0, 0, 1, 1.0]]
["xlsx", 5, "0/102", [1, 0, 0, 0, 1, 1.0]]
["yang", 9, "0/106", [1, 0, 0, 0, 1, 1.0]]
["year", 6, "0/103", [3, 0, 0, 0, 3, 1.4771212547196624]]
["year", 9, "0/106", [1, 0, 0, 0, 1, 1.0]]
["yu", 9, "0/106", [2, 0, 0, 0, 2, 1.3010299956639813]]
